-4.610885892333973857e+01 3.096565318216955376e+01 3.096565318216955376e+01 3.096565318216955376e+01 3.096565318216955376e+01 1.289810062316890615e+01 9.829929285121247418e+00 9.473797322186914727e+00 9.469626957542445211e+00 9.616782616164220698e+00 1.289810062316890615e+01 9.221771784667947003e+00 9.221771784667947003e+00 9.221771784667947003e+00 9.221771784667947003e+00
3.096565318216955376e+01 -4.610885892333973857e+01 3.096565318216955376e+01 3.096565318216955376e+01 3.096565318216955376e+01 9.612058747745427567e+00 1.289810062316890615e+01 9.848862931470508286e+00 9.416481052038898625e+00 1.006313569431322819e+01 9.221771784667947003e+00 1.289810062316890615e+01 9.221771784667947003e+00 9.221771784667947003e+00 9.221771784667947003e+00
3.096565318216955376e+01 3.096565318216955376e+01 -5.138307814900704784e+01 3.096565318216955376e+01 3.096565318216955376e+01 9.469426551003465420e+00 9.896015727141726614e+00 1.289810062316890615e+01 9.681857482321282404e+00 9.478168093370362257e+00 9.221771784667947003e+00 9.221771784667947003e+00 1.289810062316890615e+01 9.221771784667947003e+00 9.221771784667947003e+00
3.096565318216955376e+01 3.096565318216955376e+01 3.096565318216955376e+01 -4.610885892333973857e+01 3.096565318216955376e+01 9.440367602851500450e+00 9.432227280101541211e+00 9.776268048517470888e+00 1.289810062316890615e+01 9.987191159208682834e+00 9.221771784667947003e+00 9.221771784667947003e+00 9.221771784667947003e+00 1.289810062316890615e+01 9.221771784667947003e+00
3.096565318216955376e+01 3.096565318216955376e+01 3.096565318216955376e+01 3.096565318216955376e+01 -4.610885892333973857e+01 9.688070085029632850e+00 1.022177178466794700e+01 9.465933751324115519e+00 9.786870508746314812e+00 1.289810062316890615e+01 9.221771784667947003e+00 9.221771784667947003e+00 9.221771784667947003e+00 9.221771784667947003e+00 1.289810062316890615e+01
1.289810062316890615e+01 9.612058747745427567e+00 9.469426551003465420e+00 9.440367602851500450e+00 9.688070085029632850e+00 -4.610885892333973857e+01 3.096565318216955376e+01 3.096565318216955376e+01 3.096565318216955376e+01 3.096565318216955376e+01 1.289810062316890615e+01 9.829929285121247418e+00 9.473797322186914727e+00 9.469626957542445211e+00 9.616782616164220698e+00
9.829929285121247418e+00 1.289810062316890615e+01 9.896015727141726614e+00 9.432227280101541211e+00 1.022177178466794700e+01 3.096565318216955376e+01 -4.610885892333973857e+01 3.096565318216955376e+01 3.096565318216955376e+01 3.096565318216955376e+01 9.612058747745427567e+00 1.289810062316890615e+01 9.848862931470508286e+00 9.416481052038898625e+00 1.006313569431322819e+01
9.473797322186914727e+00 9.848862931470508286e+00 1.289810062316890615e+01 9.776268048517470888e+00 9.465933751324115519e+00 3.096565318216955376e+01 3.096565318216955376e+01 -4.610885892333973857e+01 3.096565318216955376e+01 3.096565318216955376e+01 9.469426551003465420e+00 9.896015727141726614e+00 1.289810062316890615e+01 9.681857482321282404e+00 9.478168093370362257e+00
9.469626957542445211e+00 9.416481052038898625e+00 9.681857482321282404e+00 1.289810062316890615e+01 9.786870508746314812e+00 3.096565318216955376e+01 3.096565318216955376e+01 3.096565318216955376e+01 -4.610885892333973857e+01 3.096565318216955376e+01 9.440367602851500450e+00 9.432227280101541211e+00 9.776268048517470888e+00 1.289810062316890615e+01 9.987191159208682834e+00
9.616782616164220698e+00 1.006313569431322819e+01 9.478168093370362257e+00 9.987191159208682834e+00 1.289810062316890615e+01 3.096565318216955376e+01 3.096565318216955376e+01 3.096565318216955376e+01 3.096565318216955376e+01 -4.610885892333973857e+01 9.688070085029632850e+00 1.022177178466794700e+01 9.465933751324115519e+00 9.786870508746314812e+00 1.289810062316890615e+01
1.289810062316890615e+01 9.221771784667947003e+00 9.221771784667947003e+00 9.221771784667947003e+00 9.221771784667947003e+00 1.289810062316890615e+01 9.612058747745427567e+00 9.469426551003465420e+00 9.440367602851500450e+00 9.688070085029632850e+00 -4.610885892333973857e+01 3.096565318216955376e+01 3.096565318216955376e+01 3.096565318216955376e+01 3.096565318216955376e+01
9.221771784667947003e+00 1.289810062316890615e+01 9.221771784667947003e+00 9.221771784667947003e+00 9.221771784667947003e+00 9.829929285121247418e+00 1.289810062316890615e+01 9.896015727141726614e+00 9.432227280101541211e+00 1.022177178466794700e+01 3.096565318216955376e+01 -4.610885892333973857e+01 3.096565318216955376e+01 3.096565318216955376e+01 3.096565318216955376e+01
9.221771784667947003e+00 9.221771784667947003e+00 1.289810062316890615e+01 9.221771784667947003e+00 9.221771784667947003e+00 9.473797322186914727e+00 9.848862931470508286e+00 1.289810062316890615e+01 9.776268048517470888e+00 9.465933751324115519e+00 3.096565318216955376e+01 3.096565318216955376e+01 -4.610885892333973857e+01 3.096565318216955376e+01 3.096565318216955376e+01
9.221771784667947003e+00 9.221771784667947003e+00 9.221771784667947003e+00 1.289810062316890615e+01 9.221771784667947003e+00 9.469626957542445211e+00 9.416481052038898625e+00 9.681857482321282404e+00 1.289810062316890615e+01 9.786870508746314812e+00 3.096565318216955376e+01 3.096565318216955376e+01 3.096565318216955376e+01 -4.610885892333973857e+01 3.096565318216955376e+01
9.221771784667947003e+00 9.221771784667947003e+00 9.221771784667947003e+00 9.221771784667947003e+00 1.289810062316890615e+01 9.616782616164220698e+00 1.006313569431322819e+01 9.478168093370362257e+00 9.987191159208682834e+00 1.289810062316890615e+01 3.096565318216955376e+01 3.096565318216955376e+01 3.096565318216955376e+01 3.096565318216955376e+01 -5.026263520284005892e+01
